322222222222222222222222222224
188888888888888888888888888881
122222222222222222222222222221
177777777777777777777777777771
177777777777777777777777777771
177777777777777777777777777771
177777777777777777777777777771
177777777777777777777777777771
177777777777777777777777777771
177777777777777777777777777771
177777777777777777777777777771
177777777777777777777777777771
177777777777777777777777777771
177777777777777777777777777771
177777777777777777777777777771
177777777777777777777777777771
177777777777777777777777777771
177777777777777777777777777771
177777777777777777777777777771
177777777777777777777777777771
177777777777777777777777777771
177777777777777777777777777771
177777777777777777777777777771
177777777777777777777777777771
177777777777777777777777777771
177777777777788887777777777771
177777777777888888777777777771
177777777777788887777777777771
177777777777778877777777777771
177777777788888888887777777771
177777778888888888888777777771
177777778888888888888877777771
177777778878888888878877777771
177777778878888888878877777771
177777788778888888877887777771
177777788778888888877887777771
177777887778888888877788777771
177778877778887788877778877771
177777777778877778877777777771
177777777778877778877777777771
177777777778877778877777777771
177777777778877778877777777771
177777777778877778877777777771
177777777778877778877777777771
177777777778877778877777777771
177777777778877778877777777771
177777777778877778877777777771
177777777778877778877777777771
177777777778877778877777777771
177777777777777777777777777771
522222222222222222222222222226
