8888888888888888888888888888888888888888888888888888888888888888
8888888888888888888888888888888888888888888888888888888888888888
8888888888888888888888888888888888888888888888888888888888888888
8888888888888888888888888888888888888888888888888888888888888888
8888888888888888888888888888888888888888888888888888888888888888
8888888888888888888888888888888888888888888888888888888888888888
8888888888888888888888888888888888888888888888888888888888888888
8888888888888888888888888888888888888888888888888888888888888888
8888888888888888888888888888888888888888888888888888888888888888
8888888888888888888888888888888888888888888888888888888888888888
8888888888888888888888888888888888888888888888888888888888888888
8888888888888888888888888888888888888888888888888888888888888888
8888888888888888888888888888888888888888888888888888888888888888
8888888888888888888888888888888888888888888888888888888888888888
8888888888888888888888888888888888888888888888888888888888888888
8888888888888888888888888888888888888888888888888888888888888888
8888888888888888888888888888888888888888888888888888888888888888
8888888888888888888888888888888888888888888888888888888888888888
8888888888888888888888888888888888888888888888888888888888888888
8888888888888888888888888888888888888888888888888888888888888888
8888888888888888888888888888888888888888888888888888888888888888
8888888888888888888888888888888888888888888888888888888888888888
8888888888888888888888888888888888888888888888888888888888888888
4888888888888888888888888888888888888888888888888888888888888888
1777888888888888888888888888888888888888888888888888888888888888
6888888888888888888888888888888888888888888888888888888888888888
8888888888888888888888888888888888888888888888888888888888888888
8888888888888888888888888888888888888888888888888888888888888888
8888888888888888888888888888888888888888888888888888888888888888
8888888888888888888888888888888888888888888888888888888888888888
8888888888888888888888888888888888888888888888888888888888888888
8888888888888888888888888888888888888888888888888888888888888888
8888888888888888888888888888888888888888888888888888888888888888
8888888888888888888888888888888888888888888888888888888888888888
8888888888888888888888888888888888888888888888888888888888888888
8888888888888888888888888888888888888888888888888888888888888888
8888888888888888888888888888888888888888888888888888888888888888
8888888888888888888888888888888888888888888888888888888888888888
8888888888888888888888888888888888888888888888888888888888888888