88888888888888888888888888888888888888888888888888888888888888888888888888888888
83222222488888888888888888888888888888888888888888888888888888888888888888888888
81888888177777778888888832222248888888888888888888888888888888888888888888888888
81888883688888878888888818888818888888832222248888888888888888888888888888888888
81888881888888878888888818888818888888818888818888888888888888888888888888888888
81888881888888877777777718888818888888818888818888888888888888888888888888888888
81888881888888878888888818888818888888818888818888888888888888888888888888888888
85222226888888878888888818888818888888818888818888888888888888888888888888888888
88888888888888878888888818888818888888852222268888888888888888888888888888888888
88888888888888878888888852222268888888888887888888888888888888888888888888888888
88888888888888878888888888888888888888888887888888888888888888888888888888888888
88888888888888878888888888888888888888888887888888888888888888888888888888888888
88888888888888878888888888888888888888888832222222224888888888888888888888888888
88888888888888878888888888888888888888888818888888881888888888888888888888888888
88322224888777778888888888888888888888888818888888881888888888888888888888888888
88188881888788877777777888888888888888888818888888881888888888888888888888888888
88188881888788888888887888888888888888888818888888881888888888888888888888888888
88188881777788888888887888888888888888888818888888881888888888888888888888888888
88188881888788888888887888888888888888888818888888881888888888888888888888888888
88188881888788888888887888888888888888888818888888881888888888888888888888888888
88188881888788888888887888888888888888888818888888881888888888888888888888888888
88188881888777777788887777777778888888888818888888881888888888888888888888888888
88188881888888888788887888888878888888888818888888881888888888888888888888888888
88188881888888888788887888888878888888888818888888881888888888888888888888888888
88188881888888888788887888888878888888888818888888881888888888888888888888888888
88188881888888888777777888888878888888888818888888881888888888888888888888888888
88522226888888888788888888888878888888888818888888881888888888888888888888888888
88888888888888888788888888888877777777777718888888881888888888888888888888888888
88888888888888888788888888888888888888888818888888881888888888888888888888888888
88888888888888888788888888888888888888888818888888881888888888888888888888888888
88888888888888888788888888888888888888888818888888881888888888888888888888888888
88888888888888888788888888888888888888888818888888881888888888888888888888888888
88888888888888883224888888888888888888888818888888881888888888888888888888888888
88888888888888881881888888888888888888888818888888881888888888888888888888888888
88888888883222226881888888888888888888888818888888881888888888888888888888888888
88888888881888888881888888888888888888888852222222226888888888888888888888888888
88888888881888888881888888888888888888888888888888888888888888888888888888888888
88888888881888888881888888888888888888888888888888888888888888888888888888888888
88888888881888888881888888888888888888888888888888888888888888888888888888888888
88888888881888888881888888888888888888888888888888888888888888888888888888888888
88888888885222222226888888888888888888888888888888888888888888888888888888888888
88888888888888888888888888888888888888888888888888888888888888888888888888888888
88888888888888888888888888888888888888888888888888888888888888888888888888888888
88888888888888888888888888888888888888888888888888888888888888888888888888888888
88888888888888888888888888888888888888888888888888888888888888888888888888888888
88888888888888888888888888888888888888888888888888888888888888888888888888888888
88888888888888888888888888888888888888888888888888888888888888888888888888888888
88888888888888888888888888888888888888888888888888888888888888888888888888888888
88888888888888888888888888888888888888888888888888888888888888888888888888888888
88888888888888888888888888888888888888888888888888888888888888888888888888888888
